ans =

  3.0948e+002
  8.3361e+001
  1.8665e+002
  1.4052e+002
  4.6557e+001
  1.4128e+002
  1.8908e+001
  1.4400e+002
  4.3543e+001
  1.4566e+001
  1.0577e+001
  2.4041e+002
  9.9547e+000
  5.2212e+001
  5.1291e-001
  1.2340e+001
  2.8141e+001
  3.1446e-001
  1.3336e+001
  2.9045e+001
  9.8508e+000
  4.7380e+002
  1.8173e+001
  2.6910e+001
  9.5018e+000
  5.1248e+002
  1.8228e+002
  4.9656e+001
  2.1585e+002
  5.8308e+002
  1.4884e+000
  3.5959e+001
  1.4723e+002
  3.4207e+000
  4.2806e+001
  2.0815e+001
  1.6945e+001
  1.1511e+001
  1.0235e+002
  3.0221e+001
  3.0977e-001
  1.5300e+001
  2.9003e+001
  5.9565e+000
  4.5317e+001
  1.0947e+000
  2.6355e+001
  3.4003e+000
  6.4069e+001
  1.0361e+000
  4.5568e+001
  3.3841e+000
  1.8391e+001
  2.4981e+001
  2.0258e+000
  2.0195e+000
  6.1286e+000
  2.1199e+001
  1.5701e+001
  2.9312e+001
  2.6723e+001
  5.5174e-001
  3.2145e+002
  1.4530e+002
  2.9084e+002
  2.3865e+001
  3.2996e+001
  6.0457e+001
  1.0349e+000
  4.4066e+002
  4.4621e+001
  1.6208e+001
  1.6343e+000
  1.1163e+001
  7.1862e+000
  8.8078e-002
  1.5089e+001
  3.2506e+001
  4.5598e+001
  4.2337e+000
  2.2995e-001
  4.1702e-002
  4.6051e-001
  5.6904e+001
  2.8554e+001
  1.7990e+001
  4.6214e+001
  8.5924e-001
  2.3104e-002
  7.9603e+000
  3.4044e+000
  1.8455e+001
  5.1882e+001
  3.9478e+000
  2.0892e-002
  8.1995e+001
  3.8075e-001

